0 0
0.01 0.749934
0.02 1.49974
0.03 2.24941
0.04 2.99896
0.05 3.74838
0.06 4.49767
0.07 5.24684
0.08 5.99589
0.09 6.74482
0.1 7.49363
0.11 8.24232
0.12 8.99089
0.13 9.73934
0.14 10.4877
0.15 11.2359
0.16 11.984
0.17 12.732
0.18 13.4799
0.19 14.2277
0.2 14.9754
0.21 15.723
0.22 16.4704
0.23 17.2178
0.24 17.9651
0.25 18.7122
0.26 19.4593
0.27 20.2063
0.28 20.9531
0.29 21.6999
0.3 22.4466
0.31 23.1932
0.32 23.9397
0.33 24.6861
0.34 25.4324
0.35 26.1787
0.36 26.9248
0.37 27.6709
0.38 28.4169
0.39 29.1628
0.4 29.9086
0.41 30.6543
0.42 31.4
0.43 32.1456
0.44 32.8911
0.45 33.6365
0.46 34.3819
0.47 35.1272
0.48 35.8724
0.49 36.6176
0.5 37.3626
0.51 38.1077
0.52 38.8526
0.53 39.5975
0.54 40.3424
0.55 41.0871
0.56 41.8318
0.57 42.5765
0.58 43.3211
0.59 44.0656
0.6 44.8101
0.61 45.5546
0.62 46.2989
0.63 47.0433
0.64 47.7876
0.65 48.5318
0.66 49.276
0.67 50.0201
0.68 50.7642
0.69 51.5083
0.7 52.2523
0.71 52.9963
0.72 53.7402
0.73 54.4842
0.74 55.228
0.75 55.9719
0.76 56.7157
0.77 57.4594
0.78 58.2032
0.79 58.9469
0.8 59.6906
0.81 60.4342
0.82 61.1779
0.83 61.9215
0.84 62.6651
0.85 63.4086
0.86 64.1522
0.87 64.8957
0.88 65.6392
0.89 66.3827
0.9 67.1262
0.91 67.8696
0.92 68.6131
0.93 69.3565
0.94 70.1
0.95 70.8434
0.96 71.5868
0.97 72.3302
0.98 73.0737
0.99 73.8171
1 74.5605
1.01 75.3039
1.02 76.0473
1.03 76.7907
1.04 77.5341
1.05 78.2775
1.06 79.021
1.07 79.7644
1.08 80.5078
1.09 81.2513
1.1 81.9948
1.11 82.7382
1.12 83.4817
1.13 84.2252
1.14 84.9688
1.15 85.7123
1.16 86.4559
1.17 87.1995
1.18 87.9431
1.19 88.6867
1.2 89.4304
1.21 90.1741
1.22 90.9178
1.23 91.6615
1.24 92.4053
1.25 93.1491
1.26 93.8929
1.27 94.6368
1.28 95.3807
1.29 96.1246
1.3 96.8686
1.31 97.6126
1.32 98.3567
1.33 99.1008
1.34 99.845
1.35 100.589
1.36 101.333
1.37 102.078
1.38 102.822
1.39 103.566
1.4 104.311
1.41 105.055
1.42 105.8
1.43 106.544
1.44 107.289
1.45 108.034
1.46 108.779
1.47 109.523
1.48 110.268
1.49 111.013
1.5 111.758
1.51 112.503
1.52 113.249
1.53 113.994
1.54 114.739
1.55 115.484
1.56 116.23
1.57 116.975
1.58 117.721
1.59 118.467
1.6 119.212
1.61 119.958
1.62 120.704
1.63 121.45
1.64 122.196
1.65 122.942
1.66 123.689
1.67 124.435
1.68 125.181
1.69 125.928
1.7 126.674
1.71 127.421
1.72 128.168
1.73 128.915
1.74 129.662
1.75 130.409
1.76 131.156
1.77 131.903
1.78 132.651
1.79 133.398
1.8 134.146
1.81 134.893
1.82 135.641
1.83 136.389
1.84 137.137
1.85 137.885
1.86 138.633
1.87 139.382
1.88 140.13
1.89 140.879
1.9 141.627
1.91 142.376
1.92 143.125
1.93 143.874
1.94 144.623
1.95 145.373
1.96 146.122
1.97 146.872
1.98 147.621
1.99 148.371
2 149.121
2.01 149.871
2.02 150.621
2.03 151.372
2.04 152.122
2.05 152.873
2.06 153.623
2.07 154.374
2.08 155.125
2.09 155.876
2.1 156.628
2.11 157.379
2.12 158.131
2.13 158.883
2.14 159.634
2.15 160.387
2.16 161.139
2.17 161.891
2.18 162.644
2.19 163.396
2.2 164.149
2.21 164.902
2.22 165.655
2.23 166.408
2.24 167.162
2.25 167.916
2.26 168.669
2.27 169.423
2.28 170.177
2.29 170.932
2.3 171.686
2.31 172.441
2.32 173.196
2.33 173.951
2.34 174.706
2.35 175.461
2.36 176.217
2.37 176.972
2.38 177.728
2.39 178.484
2.4 179.24
2.41 179.997
2.42 180.754
2.43 181.51
2.44 182.267
2.45 183.024
2.46 183.782
2.47 184.539
2.48 185.297
2.49 186.055
2.5 186.813
2.51 187.572
2.52 188.33
2.53 189.089
2.54 189.848
2.55 190.607
2.56 191.366
2.57 192.126
2.58 192.886
2.59 193.646
2.6 194.406
2.61 195.166
2.62 195.927
2.63 196.688
2.64 197.449
2.65 198.21
2.66 198.971
2.67 199.733
2.68 200.495
2.69 201.257
2.7 202.019
2.71 202.782
2.72 203.545
2.73 204.308
2.74 205.071
2.75 205.835
2.76 206.598
2.77 207.362
2.78 208.126
2.79 208.891
2.8 209.655
2.81 210.42
2.82 211.185
2.83 211.951
2.84 212.716
2.85 213.482
2.86 214.248
2.87 215.015
2.88 215.781
2.89 216.548
2.9 217.315
2.91 218.083
2.92 218.85
2.93 219.618
2.94 220.386
2.95 221.154
2.96 221.923
2.97 222.692
2.98 223.461
2.99 224.23
3 225
3.01 225.77
3.02 226.54
3.03 227.311
3.04 228.081
3.05 228.852
3.06 229.623
3.07 230.395
3.08 231.167
3.09 231.939
3.1 232.711
3.11 233.483
3.12 234.256
3.13 235.029
3.14 235.802
3.15 236.576
3.16 237.35
3.17 238.124
3.18 238.898
3.19 239.672
3.2 240.447
3.21 241.222
3.22 241.997
3.23 242.773
3.24 243.549
3.25 244.324
3.26 245.101
3.27 245.877
3.28 246.654
3.29 247.431
3.3 248.208
3.31 248.985
3.32 249.763
3.33 250.541
3.34 251.319
3.35 252.097
3.36 252.876
3.37 253.655
3.38 254.434
3.39 255.213
3.4 255.992
3.41 256.772
3.42 257.552
3.43 258.332
3.44 259.112
3.45 259.893
3.46 260.674
3.47 261.455
3.48 262.236
3.49 263.018
3.5 263.799
3.51 264.581
3.52 265.363
3.53 266.146
3.54 266.928
3.55 267.711
3.56 268.494
3.57 269.277
3.58 270.061
3.59 270.844
3.6 271.628
3.61 272.412
3.62 273.197
3.63 273.981
3.64 274.766
3.65 275.55
3.66 276.336
3.67 277.121
3.68 277.906
3.69 278.692
3.7 279.478
3.71 280.264
3.72 281.05
3.73 281.837
3.74 282.623
3.75 283.41
3.76 284.197
3.77 284.985
3.78 285.772
3.79 286.56
3.8 287.347
3.81 288.135
3.82 288.924
3.83 289.712
3.84 290.501
3.85 291.289
3.86 292.078
3.87 292.868
3.88 293.657
3.89 294.446
3.9 295.236
3.91 296.026
3.92 296.816
3.93 297.606
3.94 298.397
3.95 299.187
3.96 299.978
3.97 300.769
3.98 301.56
3.99 302.351
4 303.143
4.01 303.934
4.02 304.726
4.03 305.518
4.04 306.31
4.05 307.103
4.06 307.895
4.07 308.688
4.08 309.48
4.09 310.273
4.1 311.066
4.11 311.86
4.12 312.653
4.13 313.447
4.14 314.241
4.15 315.035
4.16 315.829
4.17 316.623
4.18 317.417
4.19 318.212
4.2 319.007
4.21 319.801
4.22 320.596
4.23 321.392
4.24 322.187
4.25 322.982
4.26 323.778
4.27 324.574
4.28 325.37
4.29 326.166
4.3 326.962
4.31 327.758
4.32 328.555
4.33 329.351
4.34 330.148
4.35 330.945
4.36 331.742
4.37 332.539
4.38 333.336
4.39 334.134
4.4 334.932
4.41 335.729
4.42 336.527
4.43 337.325
4.44 338.123
4.45 338.921
4.46 339.72
4.47 340.518
4.48 341.317
4.49 342.116
4.5 342.915
4.51 343.714
4.52 344.513
4.53 345.312
4.54 346.112
4.55 346.911
4.56 347.711
4.57 348.51
4.58 349.31
4.59 350.11
4.6 350.91
4.61 351.711
4.62 352.511
4.63 353.311
4.64 354.112
4.65 354.913
4.66 355.713
4.67 356.514
4.68 357.315
4.69 358.116
4.7 358.918
4.71 359.719
4.72 360.52
4.73 361.322
4.74 362.124
4.75 362.925
4.76 363.727
4.77 364.529
4.78 365.331
4.79 366.133
4.8 366.936
4.81 367.738
4.82 368.54
4.83 369.343
4.84 370.146
4.85 370.948
4.86 371.751
4.87 372.554
4.88 373.357
4.89 374.16
4.9 374.963
4.91 375.767
4.92 376.57
4.93 377.373
4.94 378.177
4.95 378.981
4.96 379.784
4.97 380.588
4.98 381.392
4.99 382.196
5 383
5.01 383.804
5.02 384.608
5.03 385.413
5.04 386.217
5.05 387.021
5.06 387.826
5.07 388.63
5.08 389.435
5.09 390.24
5.1 391.044
5.11 391.849
5.12 392.654
5.13 393.459
5.14 394.264
5.15 395.069
5.16 395.875
5.17 396.68
5.18 397.485
5.19 398.29
5.2 399.096
5.21 399.901
5.22 400.707
5.23 401.512
5.24 402.318
5.25 403.124
5.26 403.929
5.27 404.735
5.28 405.541
5.29 406.347
5.3 407.153
5.31 407.959
5.32 408.765
5.33 409.571
5.34 410.377
5.35 411.183
5.36 411.99
5.37 412.796
5.38 413.602
5.39 414.408
5.4 415.215
5.41 416.021
5.42 416.828
5.43 417.634
5.44 418.441
5.45 419.247
5.46 420.054
5.47 420.86
5.48 421.667
5.49 422.474
5.5 423.28
5.51 424.087
5.52 424.894
5.53 425.701
5.54 426.507
5.55 427.314
5.56 428.121
5.57 428.928
5.58 429.735
5.59 430.542
5.6 431.349
5.61 432.155
5.62 432.962
5.63 433.769
5.64 434.576
5.65 435.383
5.66 436.19
5.67 436.997
5.68 437.804
5.69 438.611
5.7 439.418
5.71 440.225
5.72 441.032
5.73 441.839
5.74 442.646
5.75 443.453
5.76 444.26
5.77 445.067
5.78 445.874
5.79 446.681
5.8 447.488
5.81 448.295
5.82 449.102
5.83 449.909
5.84 450.716
5.85 451.523
5.86 452.33
5.87 453.137
5.88 453.944
5.89 454.751
5.9 455.558
5.91 456.365
5.92 457.172
5.93 457.979
5.94 458.785
5.95 459.592
5.96 460.399
5.97 461.206
5.98 462.012
5.99 462.819
6 463.626
6.01 464.433
6.02 465.239
6.03 466.046
6.04 466.852
6.05 467.659
6.06 468.465
6.07 469.272
6.08 470.078
6.09 470.885
6.1 471.691
6.11 472.497
6.12 473.304
6.13 474.11
6.14 474.916
6.15 475.722
6.16 476.528
6.17 477.335
6.18 478.141
6.19 478.947
6.2 479.752
6.21 480.558
6.22 481.364
6.23 482.17
6.24 482.976
6.25 483.781
6.26 484.587
6.27 485.393
6.28 486.198
6.29 487.004
6.3 487.809
6.31 488.614
6.32 489.42
6.33 490.225
6.34 491.03
6.35 491.835
6.36 492.64
6.37 493.445
6.38 494.25
6.39 495.055
6.4 495.86
6.41 496.664
6.42 497.469
6.43 498.274
6.44 499.078
6.45 499.883
6.46 500.687
6.47 501.491
6.48 502.295
6.49 503.099
6.5 503.903
6.51 504.707
6.52 505.511
6.53 506.315
6.54 507.119
6.55 507.922
6.56 508.726
6.57 509.529
6.58 510.333
6.59 511.136
6.6 511.939
6.61 512.742
6.62 513.545
6.63 514.348
6.64 515.151
6.65 515.954
6.66 516.756
6.67 517.559
6.68 518.361
6.69 519.164
6.7 519.966
6.71 520.768
6.72 521.57
6.73 522.372
6.74 523.174
6.75 523.975
6.76 524.777
6.77 525.578
6.78 526.38
6.79 527.181
6.8 527.982
6.81 528.783
6.82 529.584
6.83 530.385
6.84 531.186
6.85 531.986
6.86 532.787
6.87 533.587
6.88 534.387
6.89 535.187
6.9 535.987
6.91 536.787
6.92 537.587
6.93 538.387
6.94 539.186
6.95 539.985
6.96 540.785
6.97 541.584
6.98 542.383
6.99 543.182
7 543.98
7.01 544.779
7.02 545.577
7.03 546.376
7.04 547.174
7.05 547.972
7.06 548.77
7.07 549.568
7.08 550.365
7.09 551.163
7.1 551.96
7.11 552.757
7.12 553.554
7.13 554.351
7.14 555.148
7.15 555.944
7.16 556.741
7.17 557.537
7.18 558.333
7.19 559.129
7.2 559.925
7.21 560.721
7.22 561.516
7.23 562.312
7.24 563.107
7.25 563.902
7.26 564.697
7.27 565.492
7.28 566.286
7.29 567.081
7.3 567.875
7.31 568.669
7.32 569.463
7.33 570.257
7.34 571.05
7.35 571.843
7.36 572.637
7.37 573.43
7.38 574.223
7.39 575.015
7.4 575.808
7.41 576.6
7.42 577.392
7.43 578.184
7.44 578.976
7.45 579.768
7.46 580.559
7.47 581.351
7.48 582.142
7.49 582.933
7.5 583.723
7.51 584.514
7.52 585.304
7.53 586.095
7.54 586.885
7.55 587.674
7.56 588.464
7.57 589.253
7.58 590.043
7.59 590.832
7.6 591.62
7.61 592.409
7.62 593.197
7.63 593.986
7.64 594.774
7.65 595.561
7.66 596.349
7.67 597.137
7.68 597.924
7.69 598.711
7.7 599.498
7.71 600.284
7.72 601.07
7.73 601.857
7.74 602.643
7.75 603.428
7.76 604.214
7.77 604.999
7.78 605.784
7.79 606.569
7.8 607.354
7.81 608.138
7.82 608.923
7.83 609.707
7.84 610.49
7.85 611.274
7.86 612.057
7.87 612.84
7.88 613.623
7.89 614.406
7.9 615.188
7.91 615.971
7.92 616.753
7.93 617.534
7.94 618.316
7.95 619.097
7.96 619.878
7.97 620.659
7.98 621.44
7.99 622.22
8 623
8.01 623.78
8.02 624.559
8.03 625.339
8.04 626.118
8.05 626.897
8.06 627.676
8.07 628.454
8.08 629.232
8.09 630.01
8.1 630.788
8.11 631.565
8.12 632.343
8.13 633.12
8.14 633.896
8.15 634.673
8.16 635.449
8.17 636.225
8.18 637.001
8.19 637.777
8.2 638.552
8.21 639.327
8.22 640.102
8.23 640.877
8.24 641.652
8.25 642.426
8.26 643.2
8.27 643.974
8.28 644.747
8.29 645.52
8.3 646.294
8.31 647.066
8.32 647.839
8.33 648.612
8.34 649.384
8.35 650.156
8.36 650.928
8.37 651.699
8.38 652.47
8.39 653.241
8.4 654.012
8.41 654.783
8.42 655.553
8.43 656.324
8.44 657.094
8.45 657.863
8.46 658.633
8.47 659.402
8.48 660.171
8.49 660.94
8.5 661.709
8.51 662.478
8.52 663.246
8.53 664.014
8.54 664.782
8.55 665.549
8.56 666.317
8.57 667.084
8.58 667.851
8.59 668.618
8.6 669.384
8.61 670.151
8.62 670.917
8.63 671.683
8.64 672.448
8.65 673.214
8.66 673.979
8.67 674.744
8.68 675.509
8.69 676.274
8.7 677.038
8.71 677.803
8.72 678.567
8.73 679.33
8.74 680.094
8.75 680.858
8.76 681.621
8.77 682.384
8.78 683.147
8.79 683.909
8.8 684.672
8.81 685.434
8.82 686.196
8.83 686.958
8.84 687.719
8.85 688.481
8.86 689.242
8.87 690.003
8.88 690.764
8.89 691.525
8.9 692.285
8.91 693.045
8.92 693.805
8.93 694.565
8.94 695.325
8.95 696.084
8.96 696.843
8.97 697.603
8.98 698.361
8.99 699.12
9 699.879
9.01 700.637
9.02 701.395
9.03 702.153
9.04 702.911
9.05 703.668
9.06 704.426
9.07 705.183
9.08 705.94
9.09 706.696
9.1 707.453
9.11 708.209
9.12 708.966
9.13 709.722
9.14 710.478
9.15 711.233
9.16 711.989
9.17 712.744
9.18 713.499
9.19 714.254
9.2 715.009
9.21 715.763
9.22 716.518
9.23 717.272
9.24 718.026
9.25 718.78
9.26 719.533
9.27 720.287
9.28 721.04
9.29 721.793
9.3 722.546
9.31 723.299
9.32 724.052
9.33 724.804
9.34 725.556
9.35 726.308
9.36 727.06
9.37 727.812
9.38 728.563
9.39 729.315
9.4 730.066
9.41 730.817
9.42 731.568
9.43 732.318
9.44 733.069
9.45 733.819
9.46 734.569
9.47 735.319
9.48 736.069
9.49 736.819
9.5 737.568
9.51 738.318
9.52 739.067
9.53 739.816
9.54 740.565
9.55 741.313
9.56 742.062
9.57 742.81
9.58 743.558
9.59 744.306
9.6 745.054
9.61 745.802
9.62 746.549
9.63 747.297
9.64 748.044
9.65 748.791
9.66 749.538
9.67 750.284
9.68 751.031
9.69 751.777
9.7 752.523
9.71 753.269
9.72 754.015
9.73 754.761
9.74 755.507
9.75 756.252
9.76 756.997
9.77 757.743
9.78 758.487
9.79 759.232
9.8 759.977
9.81 760.721
9.82 761.466
9.83 762.21
9.84 762.954
9.85 763.698
9.86 764.442
9.87 765.185
9.88 765.929
9.89 766.672
9.9 767.415
9.91 768.158
9.92 768.901
9.93 769.644
9.94 770.386
9.95 771.129
9.96 771.871
9.97 772.613
9.98 773.355
9.99 774.097
10 774.838
10.01 775.58
10.02 776.321
10.03 777.063
10.04 777.804
10.05 778.545
10.06 779.285
10.07 780.026
10.08 780.767
10.09 781.507
10.1 782.247
10.11 782.987
10.12 783.727
10.13 784.467
10.14 785.207
10.15 785.947
10.16 786.686
10.17 787.425
10.18 788.164
10.19 788.903
10.2 789.642
10.21 790.381
10.22 791.12
10.23 791.858
10.24 792.597
10.25 793.335
10.26 794.073
10.27 794.811
10.28 795.549
10.29 796.286
10.3 797.024
10.31 797.761
10.32 798.499
10.33 799.236
10.34 799.973
10.35 800.71
10.36 801.447
10.37 802.183
10.38 802.92
10.39 803.656
10.4 804.392
10.41 805.129
10.42 805.865
10.43 806.601
10.44 807.336
10.45 808.072
10.46 808.808
10.47 809.543
10.48 810.278
10.49 811.014
10.5 811.749
10.51 812.484
10.52 813.218
10.53 813.953
10.54 814.688
10.55 815.422
10.56 816.157
10.57 816.891
10.58 817.625
10.59 818.359
10.6 819.093
10.61 819.827
10.62 820.56
10.63 821.294
10.64 822.027
10.65 822.76
10.66 823.494
10.67 824.227
10.68 824.96
10.69 825.693
10.7 826.425
10.71 827.158
10.72 827.891
10.73 828.623
10.74 829.355
10.75 830.088
10.76 830.82
10.77 831.552
10.78 832.284
10.79 833.015
10.8 833.747
10.81 834.479
10.82 835.21
10.83 835.941
10.84 836.673
10.85 837.404
10.86 838.135
10.87 838.866
10.88 839.597
10.89 840.327
10.9 841.058
10.91 841.789
10.92 842.519
10.93 843.249
10.94 843.98
10.95 844.71
10.96 845.44
10.97 846.17
10.98 846.9
10.99 847.629
11 848.359
11.01 849.088
11.02 849.818
11.03 850.547
11.04 851.277
11.05 852.006
11.06 852.735
11.07 853.464
11.08 854.193
11.09 854.922
11.1 855.65
11.11 856.379
11.12 857.107
11.13 857.836
11.14 858.564
11.15 859.293
11.16 860.021
11.17 860.749
11.18 861.477
11.19 862.205
11.2 862.933
11.21 863.66
11.22 864.388
11.23 865.115
11.24 865.843
11.25 866.57
11.26 867.298
11.27 868.025
11.28 868.752
11.29 869.479
11.3 870.206
11.31 870.933
11.32 871.66
11.33 872.387
11.34 873.113
11.35 873.84
11.36 874.566
11.37 875.293
11.38 876.019
11.39 876.745
11.4 877.472
11.41 878.198
11.42 878.924
11.43 879.65
11.44 880.376
11.45 881.101
11.46 881.827
11.47 882.553
11.48 883.278
11.49 884.004
11.5 884.729
11.51 885.455
11.52 886.18
11.53 886.905
11.54 887.63
11.55 888.355
11.56 889.08
11.57 889.805
11.58 890.53
11.59 891.255
11.6 891.98
11.61 892.705
11.62 893.429
11.63 894.154
11.64 894.878
11.65 895.603
11.66 896.327
11.67 897.051
11.68 897.775
11.69 898.5
11.7 899.224
11.71 899.948
11.72 900.672
11.73 901.396
11.74 902.119
11.75 902.843
11.76 903.567
11.77 904.291
11.78 905.014
11.79 905.738
11.8 906.461
11.81 907.185
11.82 907.908
11.83 908.631
11.84 909.355
11.85 910.078
11.86 910.801
11.87 911.524
11.88 912.247
11.89 912.97
11.9 913.693
11.91 914.416
11.92 915.139
11.93 915.862
11.94 916.584
11.95 917.307
11.96 918.03
11.97 918.752
11.98 919.475
11.99 920.197
12 920.92
12.01 921.642
12.02 922.364
12.03 923.087
12.04 923.809
12.05 924.531
12.06 925.253
12.07 925.975
12.08 926.697
12.09 927.419
12.1 928.141
12.11 928.863
12.12 929.585
12.13 930.307
12.14 931.029
12.15 931.751
12.16 932.472
12.17 933.194
12.18 933.916
12.19 934.637
12.2 935.359
12.21 936.08
12.22 936.802
12.23 937.523
12.24 938.245
12.25 938.966
12.26 939.687
12.27 940.409
12.28 941.13
12.29 941.851
12.3 942.572
12.31 943.294
12.32 944.015
12.33 944.736
12.34 945.457
12.35 946.178
12.36 946.899
12.37 947.62
12.38 948.341
12.39 949.062
12.4 949.783
12.41 950.503
12.42 951.224
12.43 951.945
12.44 952.666
12.45 953.387
12.46 954.107
12.47 954.828
12.48 955.549
12.49 956.269
12.5 956.99
12.51 957.71
12.52 958.431
12.53 959.152
12.54 959.872
12.55 960.593
12.56 961.313
12.57 962.034
12.58 962.754
12.59 963.474
12.6 964.195
12.61 964.915
12.62 965.636
12.63 966.356
12.64 967.076
12.65 967.797
12.66 968.517
12.67 969.237
12.68 969.957
12.69 970.678
12.7 971.398
12.71 972.118
12.72 972.838
12.73 973.558
12.74 974.279
12.75 974.999
12.76 975.719
12.77 976.439
12.78 977.159
12.79 977.879
12.8 978.599
12.81 979.319
12.82 980.04
12.83 980.76
12.84 981.48
12.85 982.2
12.86 982.92
12.87 983.64
12.88 984.36
12.89 985.08
12.9 985.8
12.91 986.52
12.92 987.24
12.93 987.96
12.94 988.68
12.95 989.4
12.96 990.12
12.97 990.84
12.98 991.56
80.702
