0.00000 0.00000 0.00000 0.00000 0.00000 0.00000 0.00000 0.00000 0.00000 0.00000 0.00000 0.00000 0.00000 0.00000 0.00000 0.00000 0.00000 
0.00000 0.66543 0.00000 0.00000 0.00000 0.00000 0.00000 0.00000 0.00000 0.00000 0.00000 0.00000 0.00000 0.00000 0.00000 0.00000 0.00000 
0.00000 0.62139 0.60671 0.00000 0.00000 0.00000 0.00000 0.00000 0.00000 0.00000 0.00000 0.00000 0.00000 0.00000 0.00000 0.00000 0.00000 
0.00000 0.60881 0.60461 0.60447 0.00000 0.00000 0.00000 0.00000 0.00000 0.00000 0.00000 0.00000 0.00000 0.00000 0.00000 0.00000 0.00000 
0.00000 0.60550 0.60439 0.60438 0.60438 0.00000 0.00000 0.00000 0.00000 0.00000 0.00000 0.00000 0.00000 0.00000 0.00000 0.00000 0.00000 
0.00000 0.60466 0.60438 0.60438 0.60438 0.60438 0.00000 0.00000 0.00000 0.00000 0.00000 0.00000 0.00000 0.00000 0.00000 0.00000 0.00000 
0.00000 0.60445 0.60438 0.60438 0.60438 0.60438 0.60438 0.00000 0.00000 0.00000 0.00000 0.00000 0.00000 0.00000 0.00000 0.00000 0.00000 
0.00000 0.60439 0.60438 0.60438 0.60438 0.60438 0.60438 0.60438 0.00000 0.00000 0.00000 0.00000 0.00000 0.00000 0.00000 0.00000 0.00000 
0.00000 0.60438 0.60438 0.60438 0.60438 0.60438 0.60438 0.60438 0.60438 0.00000 0.00000 0.00000 0.00000 0.00000 0.00000 0.00000 0.00000 
0.00000 0.60438 0.60438 0.60438 0.60438 0.60438 0.60438 0.60438 0.60438 0.60438 0.00000 0.00000 0.00000 0.00000 0.00000 0.00000 0.00000 
0.00000 0.60438 0.60438 0.60438 0.60438 0.60438 0.60438 0.60438 0.60438 0.60438 0.60438 0.00000 0.00000 0.00000 0.00000 0.00000 0.00000 
0.00000 0.60438 0.60438 0.60438 0.60438 0.60438 0.60438 0.60438 0.60438 0.60438 0.60438 0.60438 0.00000 0.00000 0.00000 0.00000 0.00000 
0.00000 0.60438 0.60438 0.60438 0.60438 0.60438 0.60438 0.60438 0.60438 0.60438 0.60438 0.60438 0.60438 0.00000 0.00000 0.00000 0.00000 
0.00000 0.60438 0.60438 0.60438 0.60438 0.60438 0.60438 0.60438 0.60438 0.60438 0.60438 0.60438 0.60438 0.60438 0.00000 0.00000 0.00000 
0.00000 0.60438 0.60438 0.60438 0.60438 0.60438 0.60438 0.60438 0.60438 0.60438 0.60438 0.60438 0.60438 0.60438 0.60438 0.00000 0.00000 
0.00000 0.60438 0.60438 0.60438 0.60438 0.60438 0.60438 0.60438 0.60438 0.60438 0.60438 0.60438 0.60438 0.60438 0.60438 0.60438 0.00000 
0.00000 0.60438 0.60438 0.60438 0.60438 0.60438 0.60438 0.60438 0.60438 0.60438 0.60438 0.60438 0.60438 0.60438 0.60438 0.60438 0.60438 
