0 2.06559 0
0.01 2.0562 0.0919664
0.02 2.04681 0.137061
0.03 2.03743 0.173093
0.04 2.02807 0.204268
0.05 2.01871 0.232266
0.06 2.00937 0.257967
0.07 2.00004 0.281905
0.08 1.99072 0.304428
0.09 1.98142 0.325784
0.1 1.97213 0.346155
0.11 1.96286 0.365677
0.12 1.95361 0.384459
0.13 1.94437 0.402588
0.14 1.93516 0.420134
0.15 1.92596 0.437155
0.16 1.91679 0.453701
0.17 1.90764 0.469814
0.18 1.89851 0.485529
0.19 1.8894 0.500878
0.2 1.88032 0.515888
0.21 1.87127 0.530582
0.22 1.86224 0.544983
0.23 1.85325 0.559108
0.24 1.84428 0.572974
0.25 1.83534 0.586598
0.26 1.82643 0.599992
0.27 1.81755 0.61317
0.28 1.8087 0.626142
0.29 1.79989 0.638918
0.3 1.79111 0.651509
0.31 1.78237 0.663923
0.32 1.77366 0.676169
0.33 1.76499 0.688253
0.34 1.75636 0.700182
0.35 1.74776 0.711964
0.36 1.73921 0.723603
0.37 1.73069 0.735107
0.38 1.72222 0.746478
0.39 1.71379 0.757724
0.4 1.7054 0.768848
0.41 1.69706 0.779855
0.42 1.68876 0.790748
0.43 1.68051 0.801531
0.44 1.6723 0.812209
0.45 1.66414 0.822784
0.46 1.65603 0.83326
0.47 1.64797 0.84364
0.48 1.63996 0.853926
0.49 1.632 0.864122
0.5 1.62409 0.87423
0.51 1.61623 0.884253
0.52 1.60843 0.894192
0.53 1.60068 0.904051
0.54 1.59299 0.913831
0.55 1.58535 0.923535
0.56 1.57777 0.933164
0.57 1.57025 0.94272
0.58 1.56278 0.952205
0.59 1.55538 0.961621
0.6 1.54803 0.97097
0.61 1.54074 0.980253
0.62 1.53352 0.989471
0.63 1.52636 0.998627
0.64 1.51926 1.00772
0.65 1.51222 1.01676
0.66 1.50525 1.02573
0.67 1.49834 1.03465
0.68 1.4915 1.04351
0.69 1.48473 1.05232
0.7 1.47803 1.06107
0.71 1.47139 1.06977
0.72 1.46482 1.07841
0.73 1.45832 1.08701
0.74 1.45189 1.09556
0.75 1.44553 1.10406
0.76 1.43925 1.11251
0.77 1.43303 1.12091
0.78 1.42689 1.12927
0.79 1.42082 1.13758
0.8 1.41483 1.14584
0.81 1.40891 1.15407
0.82 1.40307 1.16225
0.83 1.39731 1.17039
0.84 1.39162 1.17848
0.85 1.386 1.18654
0.86 1.38047 1.19455
0.87 1.37502 1.20253
0.88 1.36964 1.21047
0.89 1.36435 1.21837
0.9 1.35913 1.22623
0.91 1.354 1.23405
0.92 1.34894 1.24184
0.93 1.34397 1.24959
0.94 1.33909 1.25731
0.95 1.33428 1.26499
0.96 1.32956 1.27264
0.97 1.32493 1.28025
0.98 1.32038 1.28784
0.99 1.31591 1.29538
1 1.31153 1.3029
1.01 1.30724 1.31038
1.02 1.30303 1.31784
1.03 1.29891 1.32526
1.04 1.29488 1.33265
1.05 1.29094 1.34001
1.06 1.28708 1.34734
1.07 1.28332 1.35465
1.08 1.27964 1.36192
1.09 1.27605 1.36916
1.1 1.27256 1.37638
1.11 1.26915 1.38357
1.12 1.26584 1.39073
1.13 1.26262 1.39786
1.14 1.25949 1.40497
1.15 1.25645 1.41205
1.16 1.2535 1.41911
1.17 1.25065 1.42614
1.18 1.24789 1.43314
1.19 1.24522 1.44012
1.2 1.24265 1.44708
1.21 1.24017 1.454
1.22 1.23779 1.46091
1.23 1.2355 1.46779
1.24 1.2333 1.47465
1.25 1.2312 1.48148
1.26 1.2292 1.48829
1.27 1.22729 1.49508
1.28 1.22548 1.50185
1.29 1.22376 1.50859
1.3 1.22214 1.51531
1.31 1.22062 1.52201
1.32 1.21919 1.52869
1.33 1.21786 1.53534
1.34 1.21663 1.54198
1.35 1.21549 1.54859
1.36 1.21445 1.55518
1.37 1.21351 1.56176
1.38 1.21267 1.56831
1.39 1.21192 1.57484
1.4 1.21127 1.58135
1.41 1.21072 1.58784
1.42 1.21027 1.59432
1.43 1.20991 1.60077
1.44 1.20966 1.6072
1.45 1.2095 1.61362
1.46 1.20944 1.62002
1.47 1.20947 1.62639
1.48 1.20961 1.63275
1.49 1.20984 1.6391
1.5 1.21017 1.64542
1.51 1.2106 1.65172
1.52 1.21113 1.65801
1.53 1.21175 1.66428
1.54 1.21248 1.67054
1.55 1.2133 1.67677
1.56 1.21422 1.68299
1.57 1.21523 1.68919
1.58 1.21635 1.69538
1.59 1.21756 1.70155
1.6 1.21887 1.7077
1.61 1.22027 1.71383
1.62 1.22177 1.71995
1.63 1.22337 1.72606
1.64 1.22507 1.73214
1.65 1.22686 1.73822
1.66 1.22875 1.74427
1.67 1.23074 1.75031
1.68 1.23282 1.75634
1.69 1.23499 1.76235
1.7 1.23727 1.76834
1.71 1.23963 1.77433
1.72 1.2421 1.78029
1.73 1.24465 1.78624
1.74 1.24731 1.79218
1.75 1.25005 1.7981
1.76 1.25289 1.80401
1.77 1.25583 1.8099
1.78 1.25885 1.81578
1.79 1.26197 1.82164
1.8 1.26518 1.8275
1.81 1.26849 1.83333
1.82 1.27189 1.83916
1.83 1.27537 1.84497
1.84 1.27895 1.85076
1.85 1.28262 1.85655
1.86 1.28638 1.86232
1.87 1.29023 1.86807
1.88 1.29417 1.87382
1.89 1.2982 1.87955
1.9 1.30232 1.88527
1.91 1.30653 1.89097
1.92 1.31082 1.89667
1.93 1.3152 1.90235
1.94 1.31967 1.90801
1.95 1.32422 1.91367
1.96 1.32886 1.91931
1.97 1.33359 1.92494
1.98 1.3384 1.93056
1.99 1.3433 1.93617
2 1.34827 1.94176
2.01 1.35334 1.94735
2.02 1.35848 1.95292
2.03 1.36371 1.95848
2.04 1.36902 1.96402
2.05 1.37441 1.96956
2.06 1.37988 1.97509
2.07 1.38543 1.9806
2.08 1.39106 1.9861
2.09 1.39677 1.99159
2.1 1.40255 1.99707
2.11 1.40842 2.00254
2.12 1.41436 2.008
2.13 1.42037 2.01345
2.14 1.42647 2.01888
2.15 1.43263 2.02431
2.16 1.43888 2.02972
2.17 1.44519 2.03513
2.18 1.45158 2.04052
2.19 1.45804 2.0459
2.2 1.46457 2.05127
2.21 1.47117 2.05664
2.22 1.47784 2.06199
2.23 1.48459 2.06733
2.24 1.4914 2.07266
2.25 1.49827 2.07798
2.26 1.50522 2.08329
2.27 1.51223 2.08859
2.28 1.51931 2.09389
2.29 1.52645 2.09917
2.3 1.53366 2.10444
2.31 1.54093 2.1097
2.32 1.54826 2.11495
2.33 1.55565 2.1202
2.34 1.56311 2.12543
2.35 1.57062 2.13065
2.36 1.5782 2.13587
2.37 1.58583 2.14107
2.38 1.59352 2.14627
2.39 1.60127 2.15146
2.4 1.60907 2.15663
2.41 1.61693 2.1618
2.42 1.62484 2.16696
2.43 1.63281 2.17211
2.44 1.64083 2.17725
2.45 1.6489 2.18238
2.46 1.65702 2.18751
2.47 1.66519 2.19262
2.48 1.67342 2.19773
2.49 1.68169 2.20282
2.5 1.69 2.20791
2.51 1.69837 2.21299
2.52 1.70678 2.21806
2.53 1.71523 2.22312
2.54 1.72373 2.22818
2.55 1.73228 2.23322
2.56 1.74086 2.23826
2.57 1.74949 2.24329
2.58 1.75815 2.24831
2.59 1.76686 2.25332
2.6 1.7756 2.25833
2.61 1.78438 2.26332
2.62 1.7932 2.26831
2.63 1.80205 2.27329
2.64 1.81094 2.27826
2.65 1.81986 2.28323
2.66 1.82882 2.28818
2.67 1.83781 2.29313
2.68 1.84683 2.29807
2.69 1.85587 2.303
2.7 1.86495 2.30793
2.71 1.87406 2.31284
2.72 1.88319 2.31775
2.73 1.89235 2.32265
2.74 1.90153 2.32755
2.75 1.91074 2.33243
2.76 1.91998 2.33731
2.77 1.92923 2.34218
2.78 1.93851 2.34705
2.79 1.94781 2.3519
2.8 1.95712 2.35675
2.81 1.96646 2.36159
2.82 1.97581 2.36643
2.83 1.98518 2.37125
2.84 1.99457 2.37607
2.85 2.00397 2.38089
2.86 2.01338 2.38569
2.87 2.02281 2.39049
2.88 2.03224 2.39528
2.89 2.04169 2.40006
2.9 2.05115 2.40484
2.91 2.06062 2.40961
2.92 2.0701 2.41437
2.93 2.07958 2.41913
2.94 2.08907 2.42388
2.95 2.09856 2.42862
2.96 2.10806 2.43336
2.97 2.11756 2.43809
2.98 2.12707 2.44281
2.99 2.13657 2.44752
3 2.14608 2.45223
3.01 2.15558 2.45693
3.02 2.16508 2.46163
3.03 2.17458 2.46632
3.04 2.18408 2.471
3.05 2.19357 2.47568
3.06 2.20306 2.48035
3.07 2.21254 2.48501
3.08 2.22201 2.48966
3.09 2.23147 2.49431
3.1 2.24092 2.49896
3.11 2.25037 2.5036
3.12 2.2598 2.50823
3.13 2.26922 2.51285
3.14 2.27863 2.51747
3.15 2.28802 2.52208
3.16 2.2974 2.52669
3.17 2.30676 2.53129
3.18 2.3161 2.53588
3.19 2.32543 2.54047
3.2 2.33474 2.54505
3.21 2.34403 2.54962
3.22 2.35329 2.55419
3.23 2.36254 2.55876
3.24 2.37176 2.56331
3.25 2.38096 2.56786
3.26 2.39014 2.57241
3.27 2.39929 2.57695
3.28 2.40841 2.58148
3.29 2.41751 2.58601
3.3 2.42658 2.59053
3.31 2.43562 2.59505
3.32 2.44463 2.59956
3.33 2.45361 2.60406
3.34 2.46256 2.60856
3.35 2.47148 2.61305
3.36 2.48036 2.61754
3.37 2.48921 2.62202
3.38 2.49803 2.6265
3.39 2.50681 2.63097
3.4 2.51555 2.63543
3.41 2.52425 2.63989
3.42 2.53292 2.64435
3.43 2.54155 2.64879
3.44 2.55013 2.65324
3.45 2.55868 2.65767
3.46 2.56719 2.66211
3.47 2.57565 2.66653
3.48 2.58407 2.67095
3.49 2.59244 2.67537
3.5 2.60077 2.67978
3.51 2.60906 2.68418
3.52 2.61729 2.68858
3.53 2.62548 2.69298
3.54 2.63363 2.69737
3.55 2.64172 2.70175
3.56 2.64977 2.70613
3.57 2.65776 2.7105
3.58 2.6657 2.71487
3.59 2.67359 2.71923
3.6 2.68143 2.72359
3.61 2.68922 2.72794
3.62 2.69695 2.73229
3.63 2.70462 2.73663
3.64 2.71224 2.74097
3.65 2.71981 2.7453
3.66 2.72731 2.74963
3.67 2.73476 2.75395
3.68 2.74215 2.75827
3.69 2.74949 2.76258
3.7 2.75676 2.76689
3.71 2.76397 2.77119
3.72 2.77112 2.77549
3.73 2.77821 2.77978
3.74 2.78524 2.78407
3.75 2.7922 2.78835
3.76 2.7991 2.79263
3.77 2.80593 2.7969
3.78 2.8127 2.80117
3.79 2.81941 2.80543
3.8 2.82605 2.80969
3.81 2.83262 2.81394
3.82 2.83912 2.81819
3.83 2.84556 2.82244
3.84 2.85192 2.82668
3.85 2.85822 2.83091
3.86 2.86445 2.83514
3.87 2.87061 2.83937
3.88 2.87669 2.84359
3.89 2.88271 2.84781
3.9 2.88865 2.85202
3.91 2.89452 2.85622
3.92 2.90032 2.86043
3.93 2.90604 2.86463
3.94 2.91169 2.86882
3.95 2.91727 2.87301
3.96 2.92277 2.87719
3.97 2.92819 2.88137
3.98 2.93354 2.88555
3.99 2.93881 2.88972
4 2.944 2.89389
4.01 2.94912 2.89805
4.02 2.95416 2.90221
4.03 2.95912 2.90636
4.04 2.964 2.91051
4.05 2.9688 2.91465
4.06 2.97352 2.9188
4.07 2.97816 2.92293
4.08 2.98272 2.92706
4.09 2.9872 2.93119
4.1 2.9916 2.93531
4.11 2.99591 2.93943
4.12 3.00015 2.94355
4.13 3.0043 2.94766
4.14 3.00837 2.95176
4.15 3.01235 2.95587
4.16 3.01625 2.95997
4.17 3.02007 2.96406
4.18 3.0238 2.96815
4.19 3.02745 2.97223
4.2 3.03101 2.97632
4.21 3.03449 2.98039
4.22 3.03788 2.98447
4.23 3.04119 2.98853
4.24 3.04441 2.9926
4.25 3.04754 2.99666
4.26 3.05059 3.00072
4.27 3.05355 3.00477
4.28 3.05642 3.00882
4.29 3.05921 3.01286
4.3 3.0619 3.0169
4.31 3.06451 3.02094
4.32 3.06703 3.02497
4.33 3.06947 3.029
4.34 3.07181 3.03303
4.35 3.07407 3.03705
4.36 3.07623 3.04107
4.37 3.07831 3.04508
4.38 3.0803 3.04909
4.39 3.08219 3.05309
4.4 3.084 3.05709
4.41 3.08572 3.06109
4.42 3.08735 3.06509
4.43 3.08889 3.06908
4.44 3.09034 3.07306
4.45 3.09169 3.07704
4.46 3.09296 3.08102
4.47 3.09414 3.085
4.48 3.09522 3.08897
4.49 3.09622 3.09294
4.5 3.09712 3.0969
4.51 3.09794 3.10086
4.52 3.09866 3.10481
4.53 3.09929 3.10877
4.54 3.09983 3.11272
4.55 3.10028 3.11666
4.56 3.10064 3.1206
4.57 3.10091 3.12454
4.58 3.10108 3.12847
4.59 3.10117 3.1324
4.6 3.10116 3.13633
4.61 3.10107 3.14025
4.62 3.10088 3.14417
4.63 3.1006 3.14809
4.64 3.10023 3.152
4.65 3.09977 3.15591
4.66 3.09922 3.15981
4.67 3.09857 3.16371
4.68 3.09784 3.16761
4.69 3.09701 3.17151
4.7 3.0961 3.1754
4.71 3.09509 3.17929
4.72 3.094 3.18317
4.73 3.09281 3.18705
4.74 3.09153 3.19093
4.75 3.09017 3.1948
4.76 3.08871 3.19867
4.77 3.08716 3.20254
4.78 3.08553 3.2064
4.79 3.0838 3.21026
4.8 3.08199 3.21412
4.81 3.08008 3.21797
4.82 3.07809 3.22182
4.83 3.07601 3.22566
4.84 3.07383 3.22951
4.85 3.07158 3.23335
4.86 3.06923 3.23718
4.87 3.06679 3.24101
4.88 3.06427 3.24484
4.89 3.06166 3.24867
4.9 3.05896 3.25249
4.91 3.05618 3.25631
4.92 3.0533 3.26013
4.93 3.05035 3.26394
4.94 3.0473 3.26775
4.95 3.04417 3.27156
4.96 3.04096 3.27536
4.97 3.03765 3.27916
4.98 3.03427 3.28295
4.99 3.0308 3.28675
5 3.02724 3.29054
5.01 3.0236 3.29432
5.02 3.01988 3.29811
5.03 3.01607 3.30189
5.04 3.01218 3.30567
5.05 3.00821 3.30944
5.06 3.00415 3.31321
5.07 3.00002 3.31698
5.08 2.9958 3.32074
5.09 2.9915 3.3245
5.1 2.98712 3.32826
5.11 2.98266 3.33202
5.12 2.97812 3.33577
5.13 2.9735 3.33952
5.14 2.9688 3.34326
5.15 2.96402 3.34701
5.16 2.95916 3.35075
5.17 2.95423 3.35448
5.18 2.94921 3.35822
5.19 2.94413 3.36195
5.2 2.93896 3.36567
5.21 2.93372 3.3694
5.22 2.9284 3.37312
5.23 2.92301 3.37684
5.24 2.91754 3.38055
5.25 2.912 3.38426
5.26 2.90639 3.38797
5.27 2.9007 3.39168
5.28 2.89494 3.39538
5.29 2.88911 3.39908
5.3 2.88321 3.40278
5.31 2.87723 3.40648
5.32 2.87119 3.41017
5.33 2.86508 3.41385
5.34 2.85889 3.41754
5.35 2.85264 3.42122
5.36 2.84632 3.4249
5.37 2.83993 3.42858
5.38 2.83348 3.43225
5.39 2.82696 3.43592
5.4 2.82037 3.43959
5.41 2.81372 3.44326
5.42 2.807 3.44692
5.43 2.80022 3.45058
5.44 2.79338 3.45424
5.45 2.78648 3.45789
5.46 2.77951 3.46154
5.47 2.77248 3.46519
5.48 2.76539 3.46883
5.49 2.75824 3.47248
5.5 2.75103 3.47612
5.51 2.74376 3.47975
5.52 2.73643 3.48339
5.53 2.72905 3.48702
5.54 2.72161 3.49065
5.55 2.71412 3.49427
5.56 2.70656 3.49789
5.57 2.69896 3.50151
5.58 2.6913 3.50513
5.59 2.68358 3.50875
5.6 2.67582 3.51236
5.61 2.668 3.51597
5.62 2.66013 3.51957
5.63 2.65221 3.52318
5.64 2.64425 3.52678
5.65 2.63623 3.53038
5.66 2.62817 3.53397
5.67 2.62005 3.53756
5.68 2.61189 3.54115
5.69 2.60369 3.54474
5.7 2.59544 3.54833
5.71 2.58715 3.55191
5.72 2.57881 3.55549
5.73 2.57043 3.55907
5.74 2.56201 3.56264
5.75 2.55355 3.56621
5.76 2.54504 3.56978
5.77 2.5365 3.57335
5.78 2.52792 3.57691
5.79 2.5193 3.58047
5.8 2.51065 3.58403
5.81 2.50196 3.58758
5.82 2.49323 3.59114
5.83 2.48447 3.59469
5.84 2.47567 3.59824
5.85 2.46684 3.60178
5.86 2.45798 3.60533
5.87 2.44909 3.60887
5.88 2.44017 3.6124
5.89 2.43122 3.61594
5.9 2.42224 3.61947
5.91 2.41323 3.623
5.92 2.4042 3.62653
5.93 2.39514 3.63005
5.94 2.38605 3.63358
5.95 2.37694 3.6371
5.96 2.36781 3.64061
5.97 2.35865 3.64413
5.98 2.34947 3.64764
5.99 2.34028 3.65115
6 2.33106 3.65466
6.01 2.32182 3.65816
6.02 2.31257 3.66167
6.03 2.30329 3.66517
6.04 2.29401 3.66866
6.05 2.2847 3.67216
6.06 2.27538 3.67565
6.07 2.26605 3.67914
6.08 2.25671 3.68263
6.09 2.24735 3.68612
6.1 2.23798 3.6896
6.11 2.22861 3.69308
6.12 2.21922 3.69656
6.13 2.20983 3.70003
6.14 2.20043 3.70351
6.15 2.19102 3.70698
6.16 2.18161 3.71045
6.17 2.17219 3.71391
6.18 2.16277 3.71738
6.19 2.15335 3.72084
6.2 2.14392 3.7243
6.21 2.1345 3.72775
6.22 2.12507 3.73121
6.23 2.11565 3.73466
6.24 2.10623 3.73811
6.25 2.09681 3.74156
6.26 2.0874 3.745
6.27 2.07799 3.74844
6.28 2.06858 3.75188
6.29 2.05919 3.75532
6.3 2.0498 3.75876
6.31 2.04042 3.76219
6.32 2.03105 3.76562
6.33 2.02169 3.76905
6.34 2.01234 3.77248
6.35 2.00301 3.7759
6.36 1.99368 3.77932
6.37 1.98438 3.78274
6.38 1.97509 3.78616
6.39 1.96581 3.78957
6.4 1.95655 3.79299
6.41 1.94731 3.7964
6.42 1.93809 3.79981
6.43 1.92889 3.80321
6.44 1.91971 3.80661
6.45 1.91055 3.81002
6.46 1.90141 3.81342
6.47 1.8923 3.81681
6.48 1.88321 3.82021
6.49 1.87415 3.8236
6.5 1.86512 3.82699
6.51 1.85611 3.83038
6.52 1.84713 3.83376
6.53 1.83818 3.83715
6.54 1.82926 3.84053
6.55 1.82037 3.84391
6.56 1.81152 3.84729
6.57 1.80269 3.85066
6.58 1.7939 3.85403
6.59 1.78515 3.8574
6.6 1.77643 3.86077
6.61 1.76775 3.86414
6.62 1.7591 3.8675
6.63 1.75049 3.87086
6.64 1.74193 3.87422
6.65 1.7334 3.87758
6.66 1.72491 3.88094
6.67 1.71647 3.88429
6.68 1.70807 3.88764
6.69 1.69971 3.89099
6.7 1.6914 3.89434
6.71 1.68313 3.89768
6.72 1.67491 3.90103
6.73 1.66674 3.90437
6.74 1.65861 3.9077
6.75 1.65053 3.91104
6.76 1.6425 3.91438
6.77 1.63453 3.91771
6.78 1.6266 3.92104
6.79 1.61873 3.92437
6.8 1.61091 3.92769
6.81 1.60314 3.93102
6.82 1.59543 3.93434
6.83 1.58778 3.93766
6.84 1.58018 3.94097
6.85 1.57264 3.94429
6.86 1.56515 3.9476
6.87 1.55773 3.95092
6.88 1.55036 3.95422
6.89 1.54306 3.95753
6.9 1.53581 3.96084
6.91 1.52863 3.96414
6.92 1.52151 3.96744
6.93 1.51446 3.97074
6.94 1.50746 3.97404
6.95 1.50054 3.97733
6.96 1.49368 3.98063
6.97 1.48688 3.98392
6.98 1.48015 3.98721
6.99 1.4735 3.99049
