0 0
0.01 0.0100251
0.02 0.0201004
0.03 0.0302265
0.04 0.0404036
0.05 0.050632
0.06 0.0609121
0.07 0.0712443
0.08 0.0816289
0.09 0.0920662
0.1 0.102557
0.11 0.1131
0.12 0.123698
0.13 0.13435
0.14 0.145057
0.15 0.155818
0.16 0.166635
0.17 0.177507
0.18 0.188435
0.19 0.19942
0.2 0.210462
0.21 0.22156
0.22 0.232717
0.23 0.243931
0.24 0.255204
0.25 0.266535
0.26 0.277926
0.27 0.289376
0.28 0.300887
0.29 0.312457
0.3 0.324089
0.31 0.335781
0.32 0.347536
0.33 0.359352
0.34 0.371231
0.35 0.383172
0.36 0.395178
0.37 0.407246
0.38 0.41938
0.39 0.431577
0.4 0.44384
0.41 0.456169
0.42 0.468563
0.43 0.481024
0.44 0.493552
0.45 0.506147
0.46 0.518811
0.47 0.531542
0.48 0.544342
0.49 0.557212
0.5 0.570151
0.51 0.583161
0.52 0.596241
0.53 0.609393
0.54 0.622616
0.55 0.635912
0.56 0.64928
0.57 0.662722
0.58 0.676237
0.59 0.689827
0.6 0.703491
0.61 0.717231
0.62 0.731047
0.63 0.744939
0.64 0.758907
0.65 0.772954
0.66 0.787078
0.67 0.801281
0.68 0.815563
0.69 0.829925
0.7 0.844366
0.71 0.858889
0.72 0.873493
0.73 0.888179
0.74 0.902948
0.75 0.917799
0.76 0.932735
0.77 0.947754
0.78 0.962858
0.79 0.978048
0.8 0.993324
0.81 1.00869
0.82 1.02414
0.83 1.03968
0.84 1.0553
0.85 1.07102
0.86 1.08682
0.87 1.10272
0.88 1.11871
0.89 1.13479
0.9 1.15096
0.91 1.16722
0.92 1.18358
0.93 1.20003
0.94 1.21658
0.95 1.23322
0.96 1.24996
0.97 1.2668
0.98 1.28374
0.99 1.30077
1 1.3179
1.01 1.33514
1.02 1.35247
1.03 1.3699
1.04 1.38744
1.05 1.40508
1.06 1.42283
1.07 1.44067
1.08 1.45863
1.09 1.47669
1.1 1.49485
1.11 1.51313
1.12 1.53151
1.13 1.55
1.14 1.5686
1.15 1.58731
1.16 1.60613
1.17 1.62507
1.18 1.64412
1.19 1.66328
1.2 1.68256
1.21 1.70195
1.22 1.72146
1.23 1.74108
1.24 1.76083
1.25 1.78069
1.26 1.80067
1.27 1.82078
1.28 1.841
1.29 1.86135
1.3 1.88182
1.31 1.90241
1.32 1.92313
1.33 1.94398
1.34 1.96496
1.35 1.98606
1.36 2.00729
1.37 2.02865
1.38 2.05014
1.39 2.07176
1.4 2.09352
1.41 2.11541
1.42 2.13743
1.43 2.15959
1.44 2.18189
1.45 2.20433
1.46 2.2269
1.47 2.24961
1.48 2.27247
1.49 2.29547
1.5 2.3186
1.51 2.34189
1.52 2.36532
1.53 2.38889
1.54 2.41261
1.55 2.43648
1.56 2.4605
1.57 2.48467
1.58 2.509
1.59 2.53347
1.6 2.5581
1.61 2.58288
1.62 2.60782
1.63 2.63292
1.64 2.65818
1.65 2.6836
1.66 2.70917
1.67 2.73491
1.68 2.76082
1.69 2.78688
1.7 2.81312
1.71 2.83952
1.72 2.86609
1.73 2.89283
1.74 2.91974
1.75 2.94682
1.76 2.97408
1.77 3.00151
1.78 3.02912
1.79 3.0569
1.8 3.08486
1.81 3.11301
1.82 3.14133
1.83 3.16984
1.84 3.19853
1.85 3.22741
1.86 3.25648
1.87 3.28573
1.88 3.31518
1.89 3.34481
1.9 3.37464
1.91 3.40466
1.92 3.43488
1.93 3.4653
1.94 3.49591
1.95 3.52673
1.96 3.55775
1.97 3.58897
1.98 3.62039
1.99 3.65203
2 3.68387
2.01 3.71592
2.02 3.74818
2.03 3.78065
2.04 3.81334
2.05 3.84625
2.06 3.87937
2.07 3.91271
2.08 3.94628
2.09 3.98006
2.1 4.01407
2.11 4.04831
2.12 4.08278
2.13 4.11747
2.14 4.1524
2.15 4.18756
2.16 4.22295
2.17 4.25859
2.18 4.29446
2.19 4.33057
2.2 4.36693
2.21 4.40352
2.22 4.44037
2.23 4.47746
2.24 4.51481
2.25 4.5524
2.26 4.59025
2.27 4.62836
2.28 4.66672
2.29 4.70534
2.3 4.74423
2.31 4.78338
2.32 4.82279
2.33 4.86248
2.34 4.90243
2.35 4.94266
2.36 4.98316
2.37 5.02393
2.38 5.06499
2.39 5.10632
2.4 5.14794
2.41 5.18985
2.42 5.23204
2.43 5.27452
2.44 5.31729
2.45 5.36036
2.46 5.40373
2.47 5.44739
2.48 5.49135
2.49 5.53562
2.5 5.58019
2.51 5.62507
2.52 5.67027
2.53 5.71577
2.54 5.76159
2.55 5.80773
2.56 5.85419
2.57 5.90097
2.58 5.94808
2.59 5.99552
2.6 6.04328
2.61 6.09138
2.62 6.13982
2.63 6.18859
2.64 6.23771
2.65 6.28717
2.66 6.33698
2.67 6.38713
2.68 6.43764
2.69 6.4885
2.7 6.53972
2.71 6.5913
2.72 6.64325
2.73 6.69556
2.74 6.74823
2.75 6.80129
2.76 6.85471
2.77 6.90852
2.78 6.9627
2.79 7.01727
2.8 7.07222
2.81 7.12757
2.82 7.18331
2.83 7.23944
2.84 7.29598
2.85 7.35291
2.86 7.41025
2.87 7.468
2.88 7.52617
2.89 7.58475
2.9 7.64374
2.91 7.70316
2.92 7.76301
2.93 7.82328
2.94 7.88398
2.95 7.94512
2.96 8.0067
2.97 8.06873
2.98 8.1312
2.99 8.19411
3 8.25748
3.01 8.32131
3.02 8.3856
3.03 8.45035
3.04 8.51557
3.05 8.58126
3.06 8.64743
3.07 8.71408
3.08 8.78121
3.09 8.84882
3.1 8.91693
3.11 8.98553
3.12 9.05463
3.13 9.12423
3.14 9.19434
3.15 9.26496
3.16 9.33609
3.17 9.40775
3.18 9.47992
3.19 9.55262
3.2 9.62586
3.21 9.69963
3.22 9.77394
3.23 9.84879
3.24 9.92419
3.25 10.0001
3.26 10.0767
3.27 10.1537
3.28 10.2314
3.29 10.3096
3.3 10.3884
3.31 10.4677
3.32 10.5477
3.33 10.6282
3.34 10.7094
3.35 10.7911
3.36 10.8734
3.37 10.9564
3.38 11.04
3.39 11.1241
3.4 11.2089
3.41 11.2944
3.42 11.3804
3.43 11.4671
3.44 11.5545
3.45 11.6425
3.46 11.7311
3.47 11.8205
3.48 11.9104
3.49 12.0011
3.5 12.0924
3.51 12.1844
3.52 12.2771
3.53 12.3705
3.54 12.4646
3.55 12.5593
3.56 12.6548
3.57 12.751
3.58 12.848
3.59 12.9456
3.6 13.044
3.61 13.1431
3.62 13.243
3.63 13.3436
3.64 13.445
3.65 13.5471
3.66 13.65
3.67 13.7537
3.68 13.8582
3.69 13.9634
3.7 14.0695
3.71 14.1763
3.72 14.284
3.73 14.3924
3.74 14.5017
3.75 14.6118
3.76 14.7228
3.77 14.8346
3.78 14.9472
3.79 15.0607
3.8 15.175
3.81 15.2902
3.82 15.4063
3.83 15.5233
3.84 15.6411
3.85 15.7599
3.86 15.8795
3.87 16.0001
3.88 16.1216
3.89 16.244
3.9 16.3673
3.91 16.4916
3.92 16.6169
3.93 16.743
3.94 16.8702
3.95 16.9983
3.96 17.1274
3.97 17.2575
3.98 17.3886
3.99 17.5207
4 17.6538
4.01 17.7879
4.02 17.923
4.03 18.0592
4.04 18.1965
4.05 18.3347
4.06 18.4741
4.07 18.6145
4.08 18.756
4.09 18.8986
4.1 19.0422
4.11 19.187
4.12 19.3329
4.13 19.48
4.14 19.6281
4.15 19.7774
4.16 19.9279
4.17 20.0795
4.18 20.2323
4.19 20.3862
4.2 20.5414
4.21 20.6977
4.22 20.8553
4.23 21.0141
4.24 21.1741
4.25 21.3353
4.26 21.4978
4.27 21.6616
4.28 21.8266
4.29 21.9929
4.3 22.1605
4.31 22.3294
4.32 22.4996
4.33 22.6711
4.34 22.844
4.35 23.0182
4.36 23.1937
4.37 23.3707
4.38 23.549
4.39 23.7286
4.4 23.9097
4.41 24.0922
4.42 24.2762
4.43 24.4615
4.44 24.6483
4.45 24.8366
4.46 25.0263
4.47 25.2175
4.48 25.4102
4.49 25.6044
4.5 25.8001
4.51 25.9974
4.52 26.1961
4.53 26.3965
4.54 26.5984
4.55 26.8019
4.56 27.007
4.57 27.2137
4.58 27.422
4.59 27.6319
4.6 27.8435
4.61 28.0568
4.62 28.2717
4.63 28.4883
4.64 28.7066
4.65 28.9266
4.66 29.1483
4.67 29.3718
4.68 29.5971
4.69 29.8241
4.7 30.0529
4.71 30.2835
4.72 30.5159
4.73 30.7501
4.74 30.9862
4.75 31.2241
4.76 31.4639
4.77 31.7056
4.78 31.9492
4.79 32.1947
4.8 32.4422
4.81 32.6916
4.82 32.943
4.83 33.1963
4.84 33.4517
4.85 33.709
4.86 33.9684
4.87 34.2299
4.88 34.4934
4.89 34.759
4.9 35.0267
4.91 35.2965
4.92 35.5684
4.93 35.8425
4.94 36.1187
4.95 36.3971
4.96 36.6778
4.97 36.9606
4.98 37.2457
4.99 37.5331
5 37.8227
5.01 38.1146
5.02 38.4088
5.03 38.7054
5.04 39.0043
5.05 39.3055
5.06 39.6092
5.07 39.9152
5.08 40.2237
5.09 40.5347
5.1 40.8481
5.11 41.1639
5.12 41.4823
5.13 41.8032
5.14 42.1267
5.15 42.4527
5.16 42.7813
5.17 43.1125
5.18 43.4464
5.19 43.7829
5.2 44.122
5.21 44.4639
5.22 44.8085
5.23 45.1558
5.24 45.5058
5.25 45.8587
5.26 46.2143
5.27 46.5728
5.28 46.9341
5.29 47.2983
5.3 47.6654
5.31 48.0354
5.32 48.4084
5.33 48.7843
5.34 49.1632
5.35 49.5451
5.36 49.9301
5.37 50.3181
5.38 50.7092
5.39 51.1034
5.4 51.5008
5.41 51.9013
5.42 52.305
5.43 52.7119
5.44 53.1221
5.45 53.5355
5.46 53.9522
5.47 54.3722
5.48 54.7956
5.49 55.2223
5.5 55.6524
5.51 56.086
5.52 56.523
5.53 56.9635
5.54 57.4075
5.55 57.855
5.56 58.3061
5.57 58.7608
5.58 59.2191
5.59 59.6811
5.6 60.1467
5.61 60.6161
5.62 61.0892
5.63 61.566
5.64 62.0467
5.65 62.5312
5.66 63.0195
5.67 63.5117
5.68 64.0079
5.69 64.508
5.7 65.0121
5.71 65.5202
5.72 66.0323
5.73 66.5486
5.74 67.0689
5.75 67.5934
5.76 68.1221
5.77 68.655
5.78 69.1921
5.79 69.7335
5.8 70.2792
5.81 70.8293
5.82 71.3837
5.83 71.9426
5.84 72.5059
5.85 73.0737
5.86 73.646
5.87 74.2229
5.88 74.8043
5.89 75.3904
5.9 75.9812
5.91 76.5767
5.92 77.1769
5.93 77.7819
5.94 78.3917
5.95 79.0063
5.96 79.6259
5.97 80.2504
5.98 80.8798
5.99 81.5143
6 82.1538
6.01 82.7984
6.02 83.4482
6.03 84.1031
6.04 84.7632
6.05 85.4286
6.06 86.0992
6.07 86.7752
6.08 87.4566
6.09 88.1434
6.1 88.8357
6.11 89.5334
6.12 90.2367
6.13 90.9456
6.14 91.6602
6.15 92.3804
6.16 93.1063
6.17 93.8381
6.18 94.5756
6.19 95.319
6.2 96.0683
6.21 96.8235
6.22 97.5847
6.23 98.352
6.24 99.1254
6.25 99.9049
6.26 100.691
6.27 101.483
6.28 102.281
6.29 103.085
6.3 103.896
6.31 104.714
6.32 105.538
6.33 106.368
6.34 107.205
6.35 108.049
6.36 108.899
6.37 109.756
6.38 110.62
6.39 111.491
6.4 112.368
6.41 113.253
6.42 114.144
6.43 115.043
6.44 115.949
6.45 116.862
6.46 117.782
6.47 118.709
6.48 119.644
6.49 120.586
6.5 121.536
6.51 122.493
6.52 123.458
6.53 124.43
6.54 125.41
6.55 126.398
6.56 127.393
6.57 128.397
6.58 129.408
6.59 130.427
6.6 131.455
6.61 132.49
6.62 133.534
6.63 134.586
6.64 135.646
6.65 136.715
6.66 137.792
6.67 138.877
6.68 139.971
6.69 141.074
6.7 142.185
6.71 143.305
6.72 144.434
6.73 145.572
6.74 146.719
6.75 147.875
6.76 149.04
6.77 150.214
6.78 151.397
6.79 152.59
6.8 153.792
6.81 155.004
6.82 156.225
6.83 157.455
6.84 158.695
6.85 159.945
6.86 161.205
6.87 162.475
6.88 163.755
6.89 165.044
6.9 166.344
6.91 167.654
6.92 168.975
6.93 170.305
6.94 171.646
6.95 172.998
6.96 174.36
6.97 175.733
6.98 177.117
6.99 178.511
7 179.917
7.01 181.333
7.02 182.76
7.03 184.199
7.04 185.649
7.05 187.11
7.06 188.583
7.07 190.067
7.08 191.562
7.09 193.07
7.1 194.589
7.11 196.12
7.12 197.663
7.13 199.218
7.14 200.785
7.15 202.364
7.16 203.956
7.17 205.56
7.18 207.176
7.19 208.805
7.2 210.447
7.21 212.101
7.22 213.769
7.23 215.449
7.24 217.143
7.25 218.849
7.26 220.569
7.27 222.302
7.28 224.049
7.29 225.809
7.3 227.583
7.31 229.37
7.32 231.172
7.33 232.987
7.34 234.817
7.35 236.661
7.36 238.518
7.37 240.391
7.38 242.278
7.39 244.179
7.4 246.095
7.41 248.026
7.42 249.972
7.43 251.933
7.44 253.909
7.45 255.9
7.46 257.907
7.47 259.929
7.48 261.967
7.49 264.021
7.5 266.09
7.51 268.175
7.52 270.277
7.53 272.394
7.54 274.528
7.55 276.678
7.56 278.845
7.57 281.028
7.58 283.229
7.59 285.446
7.6 287.68
7.61 289.931
7.62 292.2
7.63 294.486
7.64 296.79
7.65 299.111
7.66 301.45
7.67 303.807
7.68 306.182
7.69 308.575
7.7 310.987
7.71 313.417
7.72 315.865
7.73 318.332
7.74 320.819
7.75 323.324
7.76 325.848
7.77 328.392
7.78 330.955
7.79 333.537
7.8 336.139
7.81 338.761
7.82 341.404
7.83 344.066
7.84 346.748
7.85 349.451
7.86 352.175
7.87 354.919
7.88 357.684
7.89 360.47
7.9 363.277
7.91 366.106
7.92 368.956
7.93 371.827
7.94 374.721
7.95 377.636
7.96 380.574
7.97 383.533
7.98 386.515
7.99 389.52
8 392.548
8.01 395.598
8.02 398.671
8.03 401.768
8.04 404.888
8.05 408.032
8.06 411.199
8.07 414.391
8.08 417.606
8.09 420.846
8.1 424.11
8.11 427.398
8.12 430.712
8.13 434.05
8.14 437.413
8.15 440.802
8.16 444.216
8.17 447.656
8.18 451.122
8.19 454.614
8.2 458.132
8.21 461.676
8.22 465.247
8.23 468.845
8.24 472.47
8.25 476.122
8.26 479.801
8.27 483.508
8.28 487.242
8.29 491.004
8.3 494.795
8.31 498.614
8.32 502.461
8.33 506.337
8.34 510.242
8.35 514.177
8.36 518.14
8.37 522.133
8.38 526.156
8.39 530.209
8.4 534.292
8.41 538.405
8.42 542.549
8.43 546.723
8.44 550.929
8.45 555.166
8.46 559.434
8.47 563.734
8.48 568.066
8.49 572.43
8.5 576.827
8.51 581.256
8.52 585.718
8.53 590.212
8.54 594.74
8.55 599.302
8.56 603.897
8.57 608.526
8.58 613.19
8.59 617.887
8.6 622.62
8.61 627.387
8.62 632.19
8.63 637.027
8.64 641.901
8.65 646.81
8.66 651.756
8.67 656.737
8.68 661.756
8.69 666.811
8.7 671.903
8.71 677.033
8.72 682.201
8.73 687.406
8.74 692.649
8.75 697.931
8.76 703.252
8.77 708.611
8.78 714.01
8.79 719.448
8.8 724.926
8.81 730.444
8.82 736.003
8.83 741.601
8.84 747.241
8.85 752.922
8.86 758.644
8.87 764.408
8.88 770.214
8.89 776.062
8.9 781.953
8.91 787.886
8.92 793.863
8.93 799.883
8.94 805.947
8.95 812.055
8.96 818.207
8.97 824.403
8.98 830.645
8.99 836.932
9 843.264
9.01 849.642
9.02 856.067
9.03 862.537
9.04 869.055
9.05 875.62
9.06 882.231
9.07 888.891
9.08 895.599
9.09 902.355
9.1 909.16
9.11 916.013
9.12 922.917
9.13 929.869
9.14 936.872
9.15 943.925
9.16 951.029
9.17 958.184
9.18 965.39
9.19 972.648
9.2 979.957
9.21 987.32
9.22 994.735
9.23 1002.2
9.24 1009.72
9.25 1017.3
9.26 1024.93
9.27 1032.61
9.28 1040.35
9.29 1048.15
9.3 1056
9.31 1063.9
9.32 1071.86
9.33 1079.88
9.34 1087.96
9.35 1096.09
9.36 1104.28
9.37 1112.53
9.38 1120.84
9.39 1129.21
9.4 1137.63
9.41 1146.12
9.42 1154.67
9.43 1163.27
9.44 1171.94
9.45 1180.67
9.46 1189.46
9.47 1198.31
9.48 1207.23
9.49 1216.21
9.5 1225.25
9.51 1234.36
9.52 1243.53
9.53 1252.76
9.54 1262.06
9.55 1271.43
9.56 1280.86
9.57 1290.36
9.58 1299.92
9.59 1309.55
9.6 1319.25
9.61 1329.02
9.62 1338.86
9.63 1348.76
9.64 1358.74
9.65 1368.78
9.66 1378.9
9.67 1389.08
9.68 1399.34
9.69 1409.67
9.7 1420.07
9.71 1430.55
9.72 1441.09
9.73 1451.71
9.74 1462.41
9.75 1473.18
9.76 1484.02
9.77 1494.94
9.78 1505.94
9.79 1517.01
9.8 1528.16
9.81 1539.39
9.82 1550.69
9.83 1562.07
9.84 1573.54
9.85 1585.08
9.86 1596.7
9.87 1608.4
9.88 1620.19
9.89 1632.05
9.9 1644
9.91 1656.03
9.92 1668.14
9.93 1680.34
9.94 1692.62
9.95 1704.98
9.96 1717.44
9.97 1729.97
9.98 1742.6
9.99 1755.31
